Year,English,French,Non-official languages
1901,80.4,8.2,11.3
1911,80.1,7.0,12.9
1921,76.2,7.4,16.4
1931,73.7,7.3,19.0
1941,73.8,7.8,18.4
1951,77.6,7.3,15.2
1961,76.8,6.6,16.7
1971,78.5,5.9,15.6
1981,79.3,5.2,15.4
1986,80.2,5.0,14.8
1991,77.7,4.8,17.5
1996,76.6,4.5,18.9
2001,75.2,4.4,20.4
2006,73.3,4.1,22.6
2011,73.1,4.0,23.0
2016,71.8,3.8,24.4
