Year,English,French,Non-official languages
1901,61.0,30.5,8.4
1911,62.3,27.7,10.1
1921,60.0,27.0,13.1
1931,57.5,27.6,14.9
1941,56.5,29.2,14.3
1951,59.1,29.0,11.8
1961,58.5,28.1,13.5
1971,60.2,26.8,13.0
1981,61.2,25.6,13.1
1986,62.2,25.1,12.7
1991,60.4,24.3,15.3
1996,59.8,23.5,16.6
2001,59.1,22.9,18.0
2006,57.8,22.1,20.1
2011,57.8,21.7,20.6
2016,57.2,20.9,21.9
