Year,English,French,Non-official languages
1901,17.4,80.6,1.9
1911,16.5,80.6,2.8
1921,15.6,80.5,3.9
1931,15.1,80.7,4.1
1941,14.1,81.8,4.1
1951,13.8,82.5,3.7
1961,13.3,81.2,5.6
1971,13.1,80.6,6.2
1981,10.9,82.4,6.7
1986,10.3,82.8,6.9
1991,9.2,82.0,8.8
1996,8.8,81.5,9.7
2001,8.3,81.4,10.3
2006,8.2,79.6,12.3
2011,8.3,78.9,12.8
2016,8.8,77.4,13.7
